
Estadísticas Descriptivas
======================================================
Statistic           N     Mean   St. Dev. Min   Max   
------------------------------------------------------
Ingreso_hora_imp2 16,540 7,934.3 7,787.3  0.5 37,603.0
Edad              16,540  39.4     13.5   18     94   
Sexo              16,540   0.5     0.5     0     1    
formal            16,540   0.6     0.5     0     1    
Horas_trabajadas  16,540  47.4     15.7    1    130   
Experiencia_años  16,540   5.3     7.5    0.0   60.0  
Independiente     16,540   0.3     0.5     0     1    
dummy_jefe        16,540   0.5     0.5     0     1    
------------------------------------------------------
